172.95029268022455
178.56651466653454
135.13573112076747
131.4502378773995
135.78070888625757
129.90277608517033
137.11716557142938
137.9940378024875
138.2725437176627
161.3741789688148
115.05202051241977
337.0885422262139
160.39971633324052
81.09242816122362
63.14660362027549
94.578108341097
187.892042561582
128.17418400241684
362.75699579028316
123.04087300843312
126.48374039565893
417.88269625913057
203.36591618355365
113.77030706831148
109.52165059000102
109.8907559059439
132.2696182033475
104.02638965161923
127.32908949561714
140.88429479570192
120.78400245895436
121.02992142580571
124.24951456125662
154.9962157339297
334.9186514488418
126.9167401630338
117.63006803666961
125.82049188279817
107.17754923508406
123.90768717759137
164.72181625750287
217.01673326413277
131.93632778760374
135.48695270288243
144.41262231202447
79.43673599548995
108.69019334514903
87.45248352574814
108.26308386154932
108.4836781981227
87.60545767671579
117.59236782006501
79.34664558924361
102.05492613535398
84.81871786068439
162.6518865411195
109.24071898247712
102.15440516743347
239.53753713007342
125.12471777376233
113.33184635360797
112.49106626694999
150.95772039951854
101.99411184852325
210.52922139988104
218.30536377316412
281.1084359600156
79.32955513827527
130.51538580711522
232.7178916355855
214.63887502393663
214.80804153303097
139.0017467415548
106.08642052605096
62.406306461549605
97.51539387362662
211.6073870784272
91.7863751803665
254.22841501742255
146.65408077370353
338.16916681843185
353.5232562449798
86.65127853771052
109.98313088614628
112.25785727052474
148.35246160046486
147.66700909909298
36.06355394382627
80.47451072563628
115.37342920997882
102.30534092134512
64.93288004742598
128.6806035133379
136.85105004210266
160.09668495558836
160.00642955993766
161.01224781885568
171.21653735688128
186.50007367535338
241.20583743793665
93.80399549738667
115.16048955840179
341.0845947884235
70.68153367232368
219.0122803769141
84.64834669857001
91.33255680827374
135.4129948490939
167.67029520111905
170.70375662409324
158.24694024655656
149.71200528542852
147.44781236109483
335.23711332799223
105.56525187936579
71.66030906352292
85.73860975249792
66.96722428385957
172.23361117553128
222.3945898018611
101.06740076605618
113.96450765423994
213.5605441213544
76.5876593340392
142.96261338665914
111.15686722935433
144.80236115168827
91.53756738690011
64.83502389763109
57.43004897989451
142.58504597615016
143.26020217061807
224.78880571998477
103.56084309066974
53.7686230066119
58.077431167944994
57.61843915598499
57.862626774552545
83.81279868717057
89.16151270600223
103.48120361532789
93.38826159095574
89.8247887874407
139.54787100514574
117.48206408105149
96.27706415026938
59.995023444846815
79.35128306686822
115.52390200607294
118.78730713884389
95.8849402673225
207.86736130978312
152.37347324467694
215.2075135312737
97.77047718806259
77.60553396044747
85.49109698226188
143.62210861611936
158.42062225501766
149.22302756632118
127.62012763136006
146.1890650519373
64.96847107168406
104.6951427954208
84.9404556199604
424.8429534610358
129.96065163930098
454.04609588566206
98.2730796524861
181.84779939480833
38.97982387598859
114.92618158449697
360.51085360699807
121.31910054143533
32.32533243612137
136.27385177412674
84.76337584768456
97.77047718806259
114.04924539720838
133.25717619487605
251.22751269951735
159.11882741748468
81.06889080882924
154.83693565096104
121.95236449991023
138.21908055223406
96.80250813987965
183.55458197084772
63.28239656421608
201.73178185104152
217.93867967988396
145.2036073415621
84.61608396768598
82.85401488295211
317.73207227472085
119.82801770716186
348.7517103246413
159.24938848912612
338.7174097614888
94.89261042289633
338.16628992100414
81.76584708329331
112.60153870779045
86.79343433901644
275.32333204178855
82.9872091541292
67.94855383444106
121.86369340912061
109.6507806524145
57.92789311816899
316.73677086712024
82.81630991716757
197.8906770231967
81.4031475307205
65.94265552605027
70.19902389402047
116.88225465408064
160.99201819843722
385.46070764265585
94.9670631010787
133.41570126714763
113.94553919561163
67.14162540794918
67.14151018708446
90.25655779437214
68.62817229254911
139.0617265778607
136.32655723955676
91.61579086869546
89.96684362665468
89.38783614859757
92.88124172820403
121.09492165899437
76.12939083456999
86.74343717567785
114.15698194928859
80.55618671829409
87.4486001840383
132.23131292902013
354.75315341816093
62.396013985053465
113.39631956857133
118.5491923342205
99.04832346407677
95.42085540582822
112.88722024944731
112.0819834892944
70.91995469835126
100.26601407652659
107.18854751357422
99.63519338723415
85.59615246253259
87.8519550885163
116.46746175601623
83.94645075443576
337.9762398634455
70.07146589637765
63.88878244844252
63.5061970260823
199.94735214625612
65.45825578594854
59.12214320670503
31.32903958024164
123.34343335884788
97.61496643671902
226.3925817150207
76.14154099819294
97.96805172870137
67.47476549038413
138.59179325076246
141.86645073141483
141.88245809530025
70.94032138314765
62.27166668542359
83.56304331971138
199.25622923086377
184.15437011277857
107.87600943263351
104.23584118481683
58.47110109427914
92.58474980098609
136.4254552482381
168.00927731313544
128.58749985822757
110.15002221239973
110.89654619442716
77.44941317561945
196.75361233007155
51.122123813576756
91.99457095495185
152.07719389758353
127.36823473190067
140.368613710951
76.34293242881243
113.26189680910696
100.08250117535917
71.28375216599837
102.80998502946518
190.42434097277402
225.08550581464885
78.34501176844391
116.2379124026299
116.45873365571275
110.77864799015482
60.27444316416675
122.62061741216796
121.07151024492087
94.70358859200944
89.27133249840848
84.79817339947229
153.56024661705032
182.39593107703126
40.091278889511884
65.45825578594854
59.12214320670503
82.24336397613969
80.14128524258682
85.28338539391245
85.28752129176472
121.2169605285337
130.48520428843926
91.26797237883497
77.44299763217057
127.89885224798515
175.1014166627616
123.75182273240611
80.01003170798622
111.12953298008868
94.46236271646963
112.75433650376
115.77190364281273
109.99338872289837
113.95520207754117
115.89494033113262
149.6172993692193
112.3190298157362
98.45909817332213
118.54013176217957
111.94841568411542
95.83295444597881
92.95304287116821
107.19300712414514
74.168447405221
79.02148694643853
89.75129955048325
155.42909697184405
189.38088014838308
177.48665210349685
171.28121382167186
170.32527766793572
262.6704791789312
79.98959422797638
138.76939896559904
106.76825826870508
117.46076340026565
213.45195045295364
155.12738028920026
62.75784589759221
60.14871990316251
75.9909609796455
92.95217383999511
166.49320523814296
168.01360733965404
100.30847280900251
272.2651152419038
170.06723216739786
198.5211535077194
45.59069689661026
55.67653973425491
232.08651364903818
78.88271139151348
78.88271139151348
78.88271139151348
283.6919600407766
86.31356951920239
99.36165554435468
119.77745785341283
60.995791095597966
69.7967220834541
58.00971849205533
62.95642382343126
167.26455847255437
317.05810541775855
76.67607985660933
179.1258974671773
36.78778395139764
47.63868187359476
90.53015432834692
53.72838967653851
58.27560676019121
26.476684403557513
86.03549416454997
74.09286404202304
60.25917706735386
42.64777481655631
32.03864785575954
79.5889325526845
29.70326990856884
72.66620393034212
69.99550604572104
173.30763752542342
63.673745924131815
72.93988708724437
109.14786700113117
55.36799491108326
39.861960125491365
72.87977652022172
77.99785263265119
108.66287515963187
138.76740337127828
191.63473911439155
138.49786893868549
211.85947293906872
188.75633986129324
165.23970720890605
128.1470782834298
74.28509891832906
125.89160068719382
63.01842840054221
67.29230154151138
151.92221119054827
87.54275449867485
68.27304659373782
35.6254116802313
142.22956445135384
130.21638004842487
140.62244235068718
152.1101581593044
166.04489724373292
123.56445581565674
120.18103535821471
115.18878260148551
131.1591417035662
87.68493422761703
104.62895374714688
95.77631275711487
133.20739005072153
61.02130869983799
77.66198774729939
57.9986345401686
58.99028268019365
121.858289420245
182.74425355664448
96.9072947616768
77.81743968124626
114.7598532487843
164.08294260726043
78.6917376404212
228.34177087018438
213.56462638854015
216.4815335750439
125.06097672047157
213.8713212183131
63.429024401900655
59.36443149804743
87.95268302291434
106.25318490805212
136.3919859855994
170.52141836152046
107.0847960245815
164.45169552266273
127.04078418331673
66.04495467707962
62.90562312410789
44.66880800291019
124.94044932903097
44.566361929869856
137.21383609285638
143.49980146879156
110.78160886483359
79.35546950677598
57.90735174786248
127.67230325207224
43.504168580946825
151.14659320813752
151.20923859019499
154.41764434187775
147.005088526172
147.04935813526572
147.4396141112499
53.406875410186075
81.23657786211058
41.46272814173671
150.9113859448068
150.9063860524672
131.05546389102332
89.2430360640422
144.38233970727165
149.060058766018
111.60226370908165
91.18632096946133
146.26098021042398
167.12085937491415
150.66225439972735
52.560231526469884
86.88101730039507
128.69702924823386
133.56865581775625
149.92355965444284
82.24943191873696
173.74129845038522
93.4751776609655
182.36198370425092
115.43346483411739
128.2182874470653
136.05875687564782
144.1494487445951
72.92770723912706
89.62382142256605
139.5929402941792
239.4989998339419
129.7630259669336
97.86249475160555
108.16499176263785
88.38509278077058
155.178109324983
165.10556517751812
154.3453278217097
160.54201112230794
101.81179607024026
101.33573591145453
99.61887102063491
99.99811902046059
100.78451976928797
101.83220448008731
98.91834259820386
101.28506311263021
173.45334668802576
136.98533616474913
108.34188068458585
56.511907848412
61.18551447084991
156.72271975174584
163.55049413362107
179.31697504497714
186.3764775283651
92.44506999672302
85.71845513835225
152.31979777756834
154.72299854473022
79.58127964175536
84.98256428157266
61.28373970542084
54.27020250803364
108.94991956321397
201.7023914721038
201.70328684156274
109.99251574977245
91.4617356513662
36.06333942995666
52.668366124592225
187.88118621297676
104.52799159432061
101.96277025733892
239.57660468078677
142.7638826889477
96.17516831871467
141.76586796758824
154.6730256180833
136.7468838087217
95.48164563715349
165.06656750054606
159.46137188470462
171.41479035887164
74.75443612385185
83.56060582596706
143.47228216026218
136.18716928407645
131.7834250984283
136.43668409562304
106.3153718454054
92.55781449740537
114.98025087379816
185.49890777393327
101.14782581478292
171.0663808713763
142.12304490030868
141.609586868397
127.67847124790399
144.0544218198483
125.66512481445108
64.36545868356514
133.34441939959927
116.11749967104818
143.3009124172068
112.18675137506266
114.97359661249324
119.76721293883357
150.67629539998313
115.72545842214198
134.86051151495687
141.00117201435796
132.37249845924714
159.430921629854
159.38501044198304
158.73315128522515
102.94008402180147
159.24385279531788
104.855895068221
134.69035770109687
159.13843375799712
151.9662554589888
133.94436004947553
158.60112993620325
158.16658839607126
158.5035452618447
158.32698401297324
158.03268356970452
159.30123096840308
103.6351497494651
129.75081646677188
122.62316989069797
159.7961085021447
158.48021586783022
157.60666950023835
132.97226764773956
155.59807381846693
111.81462892818227
131.50462610998093
158.64317512479946
159.31868504557386
158.2585334496547
158.6805955514999
104.08525290786395
158.6428053564365
157.87315720441183
136.29345676419175
127.64537912300331
122.33993461009123
158.39644537442027
108.72822637761942
159.45566558451804
127.48032095223137
159.27365048917332
158.9773617355374
159.97484507556962
158.0168265483241
131.91103375056738
155.82603949654612
158.69516112276062
158.72892130822473
157.18777298956314
158.12454820285956
154.62272676704544
123.8488289247905
109.56864530875735
143.47003858404594
159.2476957695733
103.60984121128747
126.39035822369024
159.28604295864727
159.7212091505109
158.86833659562805
160.14116040493204
117.7693933856675
159.55027968334525
159.19322758653465
159.75792082014365
133.83634398253295
158.7653755106512
159.73511641798885
158.87413950365715
159.67559479923523
158.59494809309663
158.83518145015586
159.5605878567805
113.98420433202428
151.08269916961433
123.90881724624069
102.84903185167987
115.96470055785545
123.0719752010304
158.97168900414766
132.19671404525164
155.6652508902465
121.0369828813237
105.54827612426483
158.98213891127267
138.82351345015604
158.40862415707318
158.16929497115615
119.43002737216894
102.94912092850369
158.99736934884035
159.4149996335984
126.68760586105972
109.52584128301616
104.64005685712468
155.9378270149052
132.6619676960766
157.93791476319964
155.75735834270998
144.40115927140607
159.60256644568116
120.84148509036847
158.89590459388782
132.50886922980163
122.21861610211936
159.13090343224474
158.98837843160882
156.36721594231744
159.2228828750327
160.29418990037894
154.18955010009392
119.85622237823533
143.70179212004794
122.20814116787746
103.55918398013142
128.28729799839059
106.91517390562902
131.48745415979252
123.11425587610826
136.38471215720597
120.00624562311583
131.74662990702538
245.39022488226246
141.1215408680934
99.81177061172193
161.85418057533587
76.7029168525715
43.848856075654425
43.73502020355982
68.51654293911287
90.18160285816892
86.28619145872027
151.78645937696507
133.70694675353158
183.99321063417986
183.53673620133353
95.09604559973383
127.80498586259206
103.93116545699279
119.99076135086078
63.14827985803971
283.1853946580287
157.2664472723499
49.04144962717646
114.09625630010606
158.8035479405938
101.38200649892013
69.85049086248338
116.572572272154
130.2176005634864
143.19489418179631
88.62416539297116
129.91471872499204
89.77658254867478
49.21767500916374
101.65001923677849
107.82870535332567
101.69482092974194
119.59339005888408
120.88401133285961
108.14222828544732
92.96868628159018
104.62228058796772
142.5680347732203
142.13044272370377
85.8322656568024
64.97111598661378
78.0292752035875
60.92276298569515
87.15950193771165
94.96077408499188
134.76167778618975
198.68676914704102
97.1672092631778
98.28095857538501
106.52992238265392
97.09174881351207
145.1606590978379
65.8467671911985
181.5527868098776
75.72703846108881
181.7619449919492
120.57642234013787
197.96462092012476
51.328790599637315
85.89751410062175
118.6222321940682
183.27018712737626
234.89152767197376
71.20115964523814
187.97342698901804
73.02489247474143
63.219975569190176
107.34742597038091
105.44377217427818
188.8320615145058
88.46104709477703
166.820798600717
162.87606751081628
96.14812930901884
152.53968520888537
156.79219189088553
67.99195258903814
133.06584726336266
102.35155010135672
133.81925157202883
133.7136921393457
105.59909698987758
129.61942844596777
74.52059030228803
68.29603151683045
128.75807488705018
131.32665808661227
171.2356738252199
63.081113779965094
233.3258671886959
218.60505515545324
75.67069477042764
145.04116074486174
142.2348366267801
89.0867130845029
94.95358478971765
74.19318344745109
91.84483186746469
122.68631064446112
113.43576238272684
113.25956177996198
99.67307871665082
91.91266671893423
111.30564582513688
92.86463075478507
108.58013632241611
131.4719304592126
161.08497484425797
94.82431916388562
100.29216288723711
162.85796892794247
101.41832300114079
75.62388632896206
77.5524036083911
106.73456499046563
113.33259315072712
113.00559668908406
118.40779452750596
234.9373635146561
77.84911092556528
101.20808967581031
92.88788228094063
115.41207435849772
163.67835042346394
209.2442153547413
79.90895988654773
90.50147602059349
67.06147182853412
109.55681133364398
185.5247394943946
121.04166366247141
142.85183656241753
188.78314787382524
119.41281202696965
163.7407898854847
89.53502411174493
86.6664603581661
90.13419009802206
138.81974667424902
138.98605068091118
87.78978987567193
154.9370823419438
103.03638301721422
113.65260933782939
117.31126714769361
244.01814173741053
126.43771244913766
126.42038111463151
93.28682821878247
97.7626576082648
162.66449567127094
165.49436427160157
180.964213838816
68.49340718365265
179.92127335725291
169.71031385442006
152.63503639594165
248.1925305958161
230.25606891479433
241.58430510066572
168.25613378159196
151.67831072903797
85.64984778082629
84.5268599640767
97.75592207046566
205.93987528957294
75.4208792478335
228.61833502619822
228.6856948746316
228.71168008558305
228.82280783033752
228.77410383774793
163.2224786031145
228.75264110546627
78.2170756571888
228.66491364907122
256.8139873521395
228.6824762630245
256.779043315531
94.51887772022604
105.38431836261218
228.7998280164019
229.15466114946275
119.57365900516675
228.29459820103176
229.13844367208645
119.40937515183303
115.91241865344213
119.59665685912029
119.98515652846335
119.5750554034447
52.200112167983114
131.63140941740355
229.0905000801133
228.83640973108837
115.33750118596515
228.82280783033752
229.7887560911572
228.77246286035515
205.81666616362483
257.5899044838064
204.59224242514313
228.87709649124787
205.9191286807508
204.7763941049153
257.6157169480337
229.12034323343806
228.6784430982747
256.5633945632658
228.8177517059432
256.6231772578408
228.93376774834684
228.8486499489614
295.1000309937404
257.61657500110533
228.61616961028815
228.6297500608043
100.23869563810109
228.60998541365777
89.34270176231848
107.37804365454197
228.63845386323322
133.36433898780604
184.24407437517203
228.56973802798964
228.61616961028815
228.56814269656488
197.57261975331383
138.53306485848935
228.5993835736491
229.13844367208645
228.54901166231076
152.72178447670302
194.68835267493398
228.6369536739567
228.52541259729142
138.81562137974126
228.7745551804425
120.45822823675381
228.83424773696902
228.5798492359305
256.5654081740134
228.8970953520211
128.29040582110684
228.761967643267
228.77410383774793
256.5722986423716
228.86483192097012
62.685154060631874
111.53096724235954
111.41453108885791
61.554688222523964
228.57248362095672
294.04927458251666
228.8177517059432
256.6231772578408
133.36433898780604
184.24407437517203
256.51395927317515
229.6716617143671
229.6066832638147
229.55282416517048
205.68341402689344
229.59328402494484
205.69116007454457
229.56778209564996
196.8561637543782
229.7142204738327
119.24061891866506
257.76603891878983
119.23834377770906
294.6478735127831
196.73880152804017
294.62282975660503
294.6412389999414
120.48441000757279
152.44712894921608
137.81362178512958
80.73737246405702
70.96287429244275
225.45596891506742
