176.29265841166767
186.89072190093717
137.70578472949077
133.32599780784759
139.1661349510552
131.80665849973755
146.21625273636562
145.9039363232191
147.50069229109337
167.49549294791757
117.24757408753489
340.5519196543732
163.51524967515425
100.7583142213881
67.47081331670893
97.06143218577809
195.05689172024472
145.89091573355327
369.0852996593719
128.65483985685705
129.51245233372111
422.29084264878765
211.64591785450023
123.44160290202797
117.5615262280995
117.93515579930327
140.68194711906213
128.3151675727314
129.39804143946782
143.4276126285407
124.97853350893278
122.7360216172962
125.41278162101158
158.72969204029155
337.8356804180421
129.2036933260151
119.41785486934165
127.00427199483505
108.66381578712941
125.53347291562056
174.18432512109214
223.8344412174052
133.78821397692172
137.37449036219652
146.71722781643953
85.88864104090658
113.13211376826672
91.37691784265803
111.35169704393432
111.33058565313382
91.55348236054198
123.7423434270146
82.37711606673767
105.92316298237708
85.69632629395977
172.81882080228502
117.6830450782027
104.94764749958414
245.06773852895364
131.14326287375877
120.41074390563678
116.0435525598548
155.09696874960804
117.15072007975601
213.92338104494152
222.20672931813962
312.60743786230836
84.7648680664885
132.53989449643154
236.04680946052892
216.2590464092957
223.18638227868203
140.50932688688957
110.16592451227781
65.27742781822077
102.1041558331585
216.4659831957926
96.2536595672307
254.85294432903572
152.54680609284028
344.84615007094624
358.86955861568384
92.61595303987413
115.65511469319934
115.3776480371636
150.02758252701992
149.39496147293113
41.01090942974089
82.43951019497948
118.78293513185861
112.54046917530864
66.09244780675644
135.60297495401863
138.11639872962124
161.23477635212166
161.24753707249138
162.79345616738019
169.93183585645536
188.0287344514899
241.79998863788487
98.37888224552191
124.09965451526017
345.9441923536171
72.26251169986664
223.68537263288056
88.54335092599528
95.63223176001726
137.3859481749375
172.81763367902752
170.18778419664903
161.24005411291242
154.1934429719848
152.56011134772123
339.3488854431767
109.08633169596457
76.95550326580201
89.59654959841698
69.97389359482182
171.66380428495958
226.38795775214786
101.90866617252728
119.32623308911043
216.6509538525104
78.64045720698581
146.27712365200728
114.0266716404028
151.12666314019523
95.20307266012306
68.42807992074648
58.83485413023565
145.13939922855658
144.94495461834947
225.62153152919552
104.78849322298825
57.04701473717687
60.804596472899384
60.432640950583725
59.61579686485415
85.93542806803141
91.94547232514466
105.42090571678196
99.25398607562305
92.189058763148
145.17123250536486
130.73798831149244
98.53233559575685
61.15310591195234
85.6081842537753
116.98111002274291
120.20536351188693
96.98269450188975
208.94150263173586
154.10286288269293
225.6593739097293
103.4543134415736
80.93747893595209
90.8335145533088
145.1722321127714
162.992710687432
154.286951740558
131.98335630980714
151.6080413071751
76.43470698468374
109.21089080774307
91.3398179605597
430.494217632074
132.4998570140617
462.34191901790604
103.05336223117371
185.4999239729327
43.30916820810522
117.08730786710062
362.9488027903469
126.85865992708277
36.65165542810379
139.79503757702972
87.11351762304442
103.39429890209287
131.2639452537288
149.41439484868965
252.0035346290802
162.23696058394117
100.69799981749328
158.03805448959542
123.18190782700916
145.77109402201208
98.22678503775045
184.63565375384243
64.3274094227615
206.6237612579913
224.18211702101758
146.45100380441224
86.91310122780344
83.79504120509158
331.3760762997046
123.63121501167505
354.02168881295796
164.51322399242952
341.3829365803008
95.61986625239183
342.6059303801403
84.62312739403244
117.16114736915995
88.55917638620583
329.4603774793543
89.36055109697875
72.14378622520583
125.51023535243078
112.12026920459617
58.67177497582835
319.7277412433733
85.32066501460781
199.9497973271323
83.5731421500345
69.17132973265349
71.07632932933467
119.86417188752986
166.38878779195034
394.1766562856108
100.37053178485372
137.28336157870652
119.41866737432977
72.81251304401914
72.79546206988762
95.43596027948072
70.81978295790296
141.80067046292498
138.42082782685117
93.55851566158991
91.92969530556263
91.02451426577773
94.45397674073855
137.85902191304405
82.06636399058407
88.22406408196751
116.94244544818162
84.22923122438002
96.32196704426623
134.3322672862385
360.4277630537068
64.06720273554156
121.37436296952909
123.48256394524446
107.26241152479395
101.67817850578618
121.90120707859964
123.31004961820639
71.92051904382745
102.5802236707694
111.24627054307163
102.14425150961347
87.77885798693931
110.67971290073487
119.97599957759064
87.48995755294122
344.98127845521753
74.93725341112719
68.48933696681391
71.71471701469879
232.94526081100247
67.52535788722062
60.27740885941403
32.6577371176595
135.67905549628506
97.9459829499635
228.31472659210095
92.45809140533916
130.08751303802435
84.1887552187818
141.2635530450893
144.31276418536916
143.75993916292236
76.98850198237014
63.967405624862614
84.87240334089441
206.5097551604962
199.83788677843717
113.52905592808743
105.16552535221511
67.18221189254724
93.39727902789754
148.0308131086353
172.39268102808595
139.3551216371171
114.67078619326128
113.99071986969011
80.79713503059367
197.85809131226912
55.636512269119685
104.78123082194237
158.57051622100562
129.43812780746165
141.37883146988432
77.96881877231274
115.67780241973573
101.37841078118952
75.73966703665137
105.87827604038381
191.66813749209868
233.2402647961601
79.4501701218472
117.76778691795367
119.14542952702196
116.62689579868619
61.620262597000746
125.56338252072658
124.08857841947287
97.22280420101943
97.3828046444934
91.26725401205039
158.83377569368696
183.51780728576003
48.81773134389145
67.5571286599344
60.22643665769502
87.31522672275149
82.01113835361456
89.29202616927142
89.27111511438304
122.72588079281026
133.71049958080062
92.37994666228298
82.56229368580433
131.31980846100123
180.597901274491
131.95331968675984
83.98759122968285
125.81296928240185
98.14538929552108
131.22911184790715
132.19141198639258
122.40287889316268
121.94909708598729
123.22161744553756
152.68452159190792
121.71266991980625
102.92874567902444
128.21879542179937
126.13709638428652
110.7074808256739
113.48521766892732
133.06403984227228
80.3593302131491
91.49234468865616
101.84626271076915
160.8230693124534
191.95099942103974
179.6251473932849
173.3914101833476
172.55357890349853
264.1277975510525
88.9916544060241
144.4689544724683
112.01509060436523
118.95741257037035
358.64868036937656
158.48537690387383
68.72334809885554
66.29269265024753
77.78397177359874
97.2225490513247
167.72953271560863
169.55932411222201
105.23542297485783
275.03982526853144
194.9717246590939
199.84381280029217
48.21365421546159
58.62188716904809
236.4675182055787
81.83992205982301
81.8927496171454
81.77874243846479
284.09507230555397
93.31176527337152
103.31736561296559
124.21253449086659
63.8472579552003
77.3209626617496
58.99454342584029
65.90524805226973
168.06853532131558
374.3029336071955
79.24365373782886
187.61502514371608
42.30868377100964
52.448255360270515
97.15138322134733
59.24571521488813
60.89772635275715
36.403998227828424
88.95207935333484
77.94959335823891
64.68029441589864
48.71301768763946
38.308810818776
86.63696422539267
34.5012514322758
76.48550401619978
75.28026810112837
177.9596545627653
67.30608727622052
78.46858609186096
116.84823972028413
59.93524118146424
43.56577241179507
75.96091108852566
80.92218270336043
111.95114558916354
140.7235388831075
211.01996409796521
140.41801894605885
215.6890930674451
189.6539800531854
166.34942088883517
185.177310358566
79.48335117097908
134.6316205662374
64.70606733942542
75.03981189334857
173.89026971058055
102.18709008966712
71.28188413404906
37.040852000427904
143.2729643747585
131.28319372593245
141.6104392522034
152.98246394462697
167.2346925748734
125.03171695664531
121.67518413284218
116.69582707846118
132.8125612480095
89.17133950467428
108.77922773461904
97.3742288845775
134.86164549586144
62.965453446768045
86.79261687491828
63.60901092144589
62.62132894571527
123.0434199264398
191.75958665518885
99.00050968933161
92.52816389313378
116.11028437011886
170.34027617535358
95.81371470766419
279.6050487474564
214.85536598849814
217.76997982225268
129.38953943238081
215.72914004396094
66.58819975805264
65.57566800576271
101.62043109727043
111.65128681745148
142.06113990890358
172.7018171837582
110.56586610414574
166.71873309786565
134.76183088593308
74.34574739235882
66.44467364028249
47.18505530687442
130.2130524706011
46.982623754381144
156.10887870848163
157.13754787440718
114.50564832411942
81.9785258990031
61.58249009915336
130.8563995454932
43.15970273383626
154.0041812143666
152.73783672765643
155.8872425475991
148.5792394240322
152.12461347122098
152.56075083241956
55.78589037887997
86.80587711407627
47.84198404446045
158.53375765204012
158.54550010950166
135.26749592092023
97.08583750323018
146.57678258724275
152.02552863188748
116.95535057040594
96.22228716727236
163.36264354279248
176.86612271379835
158.33698046968573
66.37699659320361
90.26777598130408
136.71584792595004
136.3829509839908
150.4879812483761
83.63285437276338
176.61836648690135
98.43504323168149
196.88584194628598
116.09998776484049
132.38541016520378
141.68123867383616
146.82265608821675
77.44713496271547
95.05821226729016
146.3821253755871
255.23780204408087
131.90920540472175
101.4542427954564
112.12978029345788
88.86322929188402
160.42532296964578
175.9904029844527
165.36754223955646
172.9110770120587
102.81072988922955
102.34474881962753
100.61862231499575
101.00005463880663
101.77861147466835
102.8890626840077
99.9495537423828
102.30725791715162
176.23824818326557
144.75868239268897
109.06551905096863
63.534553761580824
67.55687099263892
193.29921323571781
171.33122578388466
194.0944766510731
191.26105164163545
195.53294073661192
89.4895052229102
153.65053232670277
143.8256566109649
81.9141353962984
87.03528842445479
62.012345386392916
56.0795779608724
119.53577411553202
210.28333553204925
210.11566838980775
114.05328620650884
93.66879498174404
40.89377644805497
56.67098141715746
194.2299924234668
107.86321029892927
108.4156176267076
240.16805923523214
149.7349906212051
97.92481773296018
151.39548599519185
161.6069471405478
144.63998198284642
97.6970331986179
165.16924294928927
163.24543918228414
173.86590365469226
76.71217287859797
84.44632628331802
145.61761646930867
138.2136189778546
161.1194801864216
146.8165362974393
107.03412317872332
97.03160160965597
116.16679767816315
187.7639776672819
106.34834199512146
174.45766494234476
145.44634591986036
144.77624473437655
129.46785848421464
151.06029272796596
132.58821884326002
69.9783561684774
144.65028855610467
118.5176896485206
144.34015093247578
124.52995968203331
122.57663976955742
129.65369372063017
181.6592857572077
118.05464610567917
137.64151455178694
144.10147902743165
171.98708907566362
161.4291411044763
161.9263163550819
161.2286945031704
105.44834844019177
161.41583753025984
107.50758419292589
163.32402249011625
160.95462494204023
154.98932526876598
136.59024251254908
160.65306256282759
160.46190674451427
160.92830017558154
161.16958644936335
160.242891544171
161.89573903975148
106.33870001873697
132.3616463812275
125.18112639466834
161.78088916442104
160.98108797038793
159.74285307628386
172.29725942438333
160.25890789196535
114.70616815128086
134.05699833540655
161.02986937746775
161.8706649344489
161.3103209259584
161.1212833217584
106.6396561274144
160.73197371063466
185.57646255868568
139.70941340141908
129.24411235835242
150.59633151208467
161.3649359446886
111.32279946562394
161.78707060814617
130.30801336871727
161.59723864909046
161.75240338981524
162.43345002949954
160.23508451930243
166.53048561571498
158.2909923874735
161.3205567106717
161.20594760260403
160.82917496225002
160.3460010282051
173.27698576348874
144.9570556564303
111.82556817801897
175.586035073671
161.37605593940165
106.071099397589
165.54849652390112
160.83722528857416
161.18412363927774
161.20940660139544
161.69845938787037
120.93058588530104
161.8415575827956
161.06350117171286
161.94429557373456
170.38213089191837
161.57446661370662
162.4535133242669
161.2083137798517
161.85455992852513
161.97441225507077
161.8647082528647
163.04050351166245
116.82116918153828
154.64751190037995
151.34490092994199
105.42557705803776
118.65143640111901
126.20104179701038
161.58827588283106
135.37446053961156
184.0209666357434
127.11011897038915
109.29841721551142
161.22150116382113
141.6941387989762
160.4879305251988
160.33820677604686
122.43082789767712
105.3125788365779
160.9563750056798
161.97633291106294
161.04912204314982
112.0223665964114
107.48053441330529
157.98441949171308
136.2650243742944
160.51095027210596
158.032423746342
184.2322882035416
161.68624713450987
123.5089330563097
161.1043294665609
165.43807218916763
124.59759095707673
161.2726398205986
161.23789675429896
158.09182983433715
161.42493071957338
162.4047352856617
169.74016181206275
141.78463468556959
145.9366401868051
124.60914542726357
106.05809374096447
142.34419393502333
109.24001877182447
152.72564543295175
125.32948714659612
138.6949312086907
122.358111495487
134.45666838144797
251.70786310544088
153.8195964807156
100.97863425829183
165.81330307998277
77.60658535081144
47.70197767925524
47.60012127416804
69.86066995682027
96.12897233571074
88.28550954071531
155.51005000088443
135.67526129879852
186.1430705767204
185.93116233504185
102.3139132506037
130.7282391425056
114.53062724522661
122.51894445278465
63.95448372215993
286.7360278116024
159.6064466022776
50.21938470002043
122.05155823336628
166.28855394865477
103.10012376056716
83.41598665360397
118.31785038998785
139.72353001972846
145.40498202307657
95.66810048239584
136.1477478442215
92.82074884558482
50.9611755983429
109.04118508030595
115.95564285803718
108.22657592271557
124.78740156938782
137.81989362445825
111.66623532048278
94.56239075773684
110.31876450950315
148.09126594558248
148.09101402279987
90.46029570141646
66.07784722342453
79.90927635641724
62.86529182529449
90.05042353065728
98.80912085846983
138.82425824503153
201.04197191840004
100.06765580892026
102.68923076987046
108.01877501320064
101.64255175944035
148.74247604492425
68.43531385819418
187.88021569608242
78.57793348156822
182.5471241627947
125.78090572667982
202.1240427434872
53.698409528458086
87.0638892306752
123.23790527052701
188.46139754721804
231.4317890658472
72.66044513502361
219.67204020018355
79.07744092452324
67.11327418003471
108.8885503098403
106.71282779069686
191.48246083260088
91.90610525667961
169.93540229406312
165.07037028373034
104.43691763239528
156.8755459410936
164.51515887529644
73.85646303899063
141.06965503285346
115.95368891931814
136.68841684291937
136.55143112236925
117.60505339929628
132.3633649747282
82.51436014024222
80.3464513588959
131.99560054193938
135.05747047534427
173.0142691858933
67.89075475564827
234.9699224550036
220.19658349549636
79.68597500402106
149.45493222294556
148.6469311103582
91.29590251249054
96.1560094219643
77.76410241131491
94.54064691803725
125.13394851288673
118.3843262764837
122.52524152855774
108.11555942717713
99.11577807117942
119.05768476162494
98.71599575362441
116.94903338686711
133.0184062492837
176.82114263745078
95.81959885934332
105.62899222280753
169.7508262776679
108.23909346740432
79.55949152948313
86.97214000719725
160.91644413378253
160.24460510488623
118.23574499726443
124.45013836276776
235.7681420263191
81.70278299316128
104.21609451363354
94.6233388703053
118.71163551922129
193.80801656831517
213.34901861212572
82.6577474535029
96.83803810272659
69.85658428297431
111.17733763828612
186.43035769778757
124.92548968001596
144.3622009335029
193.8084207803184
124.5086937061929
166.48637948283672
92.69708001124366
89.18697086573322
91.75085009909114
142.5592642955927
139.9073720164059
89.27300818933219
159.73695534076154
108.31703161926308
117.63212327736525
120.60775125300047
246.62889650251046
130.25691250699018
130.17205639641782
95.76965802942216
103.42090163467351
176.03885366959338
177.77714740260492
184.67101797882387
77.31475675037846
190.65942410389513
180.04243663898316
172.10076243997977
250.37514702294152
232.6244157154823
246.3047151218987
175.75610973630376
163.51917297443217
95.5287337722746
93.52996225157575
103.4136295846478
210.04777860159845
77.19891095351304
240.76203535030123
240.90277306948366
240.76914910843584
240.9976373154663
240.7671935854377
188.25895316383648
240.9879688370325
81.90374192441637
240.88267523323415
263.2404471702264
240.91305481085197
263.100267689814
97.99478705017322
112.00274961186474
240.86301778265778
241.40053595471716
138.56161419852253
240.61282106965726
241.26150876220146
138.5856850993172
122.5363071941075
138.50317884942766
123.71474100072871
138.5329389122328
54.726747943932274
134.87119504530384
241.29436992633552
240.9858009652872
120.57663330232657
240.9976373154663
241.17930992319364
241.0205976215595
214.75069690966023
264.18714898924435
213.3495490193904
241.11369143542106
214.916515737231
213.47477679887697
264.22017902610173
241.22050583842451
240.89933026691264
262.9057673013414
241.0754426408859
263.0286500717768
241.1840754180523
241.04533871430002
305.14611807220956
264.209067831931
240.8836568970981
240.86621540811177
107.11614366271414
240.79289242327772
95.36618137879222
109.5461999710916
240.85432883877223
141.3764321728469
191.198737951968
240.8470177979157
240.8931259166275
240.94660896410787
201.26132607365156
143.23309220362339
241.0797523743718
241.26150876220146
241.06684208268643
158.65512605127245
201.92435148641363
240.85871949428625
240.72927330335483
143.54009095263504
241.03869336936575
125.50444649129523
241.02041655835478
240.79394963130355
262.9073613047117
241.25073653951122
138.93725632338837
240.94998915874885
240.7671935854377
262.97627577449924
241.12827708611363
65.78373100616041
116.28188334066515
116.4940307464857
65.29211047952023
240.74741069784054
303.95923821468955
241.0754426408859
263.0286500717768
141.3764321728469
191.198737951968
262.8580779525466
241.9582338584131
242.04860387058736
241.86000659560688
214.76456666729544
241.89325702360355
214.66397928114364
241.87803958383225
204.1175544739859
241.95504939749975
123.91907755998795
264.29880870436693
123.95740956503354
304.6609568076144
204.17770170479142
304.46868841808845
304.4779717163719
138.92478971765877
157.47018293593752
148.5808484839113
82.92585022288111
75.67116119814244
260.96447169718283
