175.78037474522395
186.60278072221612
136.84363901202497
132.01865295536888
138.42361203330114
130.28478096467683
144.90148415621118
144.6278146802851
146.17669780585115
164.76335042273533
115.51469465765976
340.06045697614167
163.04676971729333
100.01234582012424
66.62303900360337
95.88112948944698
193.09137887633025
145.64931503122762
368.40086465432046
126.79842028093242
128.70242504795436
421.34340557180997
208.52394773161805
121.55319706927314
115.94976719592066
116.5404166837379
139.2804721254058
128.2107066642431
128.88718303615394
142.44871756727215
123.17975413083595
122.22236615184539
122.75522733461243
157.18370290179774
337.3195863380853
128.77056138958784
118.40783887296588
125.8656765178914
106.61236455793203
124.19700867529694
171.82272024537428
221.0121329614292
133.00259808986883
136.67180661040908
144.34549525703733
85.22555950431824
111.23898671403356
91.1308240086492
110.77088511821157
110.74966301157605
91.30786440615937
121.82718918275816
79.65036892430066
105.52224378718132
85.54137366660763
171.1858626484963
116.65685351841445
104.10603596584401
242.01104918497123
129.7405282322637
119.06422647514883
114.49013879020836
153.18479711337105
116.93293865589298
210.6991863389399
218.9495572464728
312.4241775519455
83.08009160313236
132.08316834721617
235.67048711631475
215.65217453860097
222.69716142097442
140.02391003131183
108.73457349079747
63.83282243799093
101.12227691764456
213.64989547444566
95.97168713618467
254.5765207786214
150.1597967341376
344.1641158069324
358.17219438904584
90.69868508469382
113.38118290044486
114.39593836318456
149.50314910950192
148.8691819753816
40.43334295026619
81.3945780104321
117.10406252864779
112.49377002308921
64.7921929417748
133.54813977272912
137.2868245963634
161.01069811511084
161.0271816687144
159.2955974363758
169.6139763216477
187.4522472438351
241.5246908333614
97.4745125185996
123.03702289779164
345.411197521716
72.13864840554142
221.6903808096022
87.68415232042709
94.37465413123452
136.7998886918227
171.13884026752706
169.87174388421724
160.67305331211662
151.66333560797855
150.3489489518815
338.8616388756262
107.52653000664485
76.3389642950389
88.97500173172327
68.88387545329229
171.35895791069734
226.0203661710692
101.1059643389435
118.76953591046981
213.31356322646246
77.49966859021441
145.70722954558673
112.71439787000807
149.31321965743297
94.15288122904009
67.93101076604684
58.53566117130045
142.35747481165
144.21852773080943
224.45362508607866
104.20356026174798
56.33539652881804
60.00834078706554
59.54511959678948
58.62830470440439
84.92153284820998
91.38550624488212
104.54639397137763
98.39449682309358
90.65730907049127
142.90215539981259
129.4742393524964
97.21020068508416
60.05766215619736
84.5376947641957
115.36439062678032
118.62483185131177
95.64595129495041
208.33276255573284
151.388244564098
222.8964242634849
102.74107219718938
79.79693431584617
89.97292877165867
144.590981643572
161.00603432434883
151.89711274410018
130.79759775262465
150.99785456886485
76.2134847375807
107.22266763884114
90.18252542469398
429.66975697934885
131.08679448630372
462.0633103647821
101.81021142326735
183.0500621218781
42.64169262446029
115.58853904686363
361.73280698568067
125.5984506468924
36.507308502671016
139.2804878868321
86.60580806727314
102.68064078498949
130.5005537613697
148.60274462585969
248.3329282937361
161.7647786708569
99.95158127289442
157.5532890985535
122.14559121142608
142.7502155817782
97.4178214144581
184.1599225781848
64.27566810580828
203.26001678105928
220.59644355208502
145.92834640497628
86.46779808425272
83.1510796652175
330.620350446691
121.31631057889192
353.20927950844725
162.09578054243022
340.93846698187633
95.19144254139839
342.1116795571297
83.98311004316928
116.00819995047853
87.96296112139616
329.02499249434027
88.33219682769537
70.80147450302248
123.88883031257932
111.42038159394039
56.85047644984404
318.90550210674246
84.72765807053531
197.968284011961
82.64714433264898
68.74409114748705
70.65887115565167
118.28258885975642
166.24986698070475
393.75721766162025
99.44900494555202
134.79297238735376
118.37130442473811
72.16271024692541
72.14550569761572
95.0676731337998
70.80900118289284
141.31513598185543
136.17454342350962
93.28975866799712
91.63461988492358
90.72986814371936
94.17006158114111
137.00171068463342
80.63548904326225
87.64637497321841
114.98725376088522
83.06351462892711
96.14298442062254
133.49072070454358
359.88969570305983
63.272310223813825
120.6855545016347
122.48652220837965
107.15219001644556
101.54622923265363
121.21539244802071
122.62415103991368
71.8418795900298
101.55859085606286
111.08016176450636
99.68563033473042
86.21653234700179
110.60196876539057
118.95556288763756
86.7230416380831
344.3091348253268
74.16536208970054
67.87708999384809
70.54927384851527
231.7356592305972
66.99272524461955
60.06609832330712
31.973969618973875
135.10422376839736
96.90513722692653
227.859387231115
92.17834616142497
129.86638019701033
83.89893582850533
140.1088773035858
143.14731194327678
143.49176400470316
75.81335521180209
62.82125508673621
83.50130269339506
203.91691714412255
199.01294702816935
112.53454712414143
103.10217708533884
66.95451153782172
93.23358458635623
146.4256537598624
170.05822019670333
138.23805148588224
113.72977108927017
112.57074140317782
80.30989855675975
197.59322275934403
54.63990042128421
104.26623418981995
156.23096687893988
128.9274282413389
141.0858866131646
76.31119367989957
114.25842745134582
100.38835437761738
75.68554661479146
105.29370079631165
191.40243697302716
230.76255013214873
79.34185536168478
115.56568300850134
118.65690949789288
115.4773036415917
60.97262620681799
125.35614573004344
123.87887445570068
95.57423591641177
97.06630150502505
91.15579963776605
157.66575568694543
183.23258941703023
48.51166060690237
67.02474849396145
60.01494665051019
85.9043078042183
81.92917668844105
88.86296456594977
88.84195252132191
120.29064280648421
133.3616009531523
91.94803961875647
82.17103328646249
129.57522741120863
179.3144415550101
130.73915684393762
82.88517362796632
125.59973654004897
97.79219559182992
131.02445332519238
131.88097001804775
122.1733137829972
121.6742719613065
122.77626331746465
151.07810435847594
121.50229436358045
102.38696104080516
128.0734050854621
125.9678980522402
109.79571130794822
112.55947045309121
131.9099741319604
79.27509944162297
90.42405021975512
100.64512427525241
158.1141679565735
189.2172763539804
179.44506976802302
173.15848235261595
172.37780267073475
263.9152887913815
88.56813680591203
142.8102883714513
110.81522414185915
118.75220443588609
358.5698577171354
156.3338324783506
68.70444807123712
66.2730994422098
75.64161187169013
96.13782943210666
167.50686229114427
169.33777044595195
104.63172629042114
274.7415593249243
194.57923357242385
199.63127440001733
46.87252362172814
57.97842957599949
233.71823927045787
81.04213651161582
81.09548376738337
80.98035417572729
284.00398264433204
92.64035160003084
102.10440071934937
123.15454207184301
63.07500205686907
76.74163502276345
58.82223610931968
65.60622655255403
167.73873556350281
373.6985727981847
78.17983367043145
185.48214469017813
41.711318596202176
51.76676758039283
95.95820715774383
58.39072004989244
60.4894509954797
36.22835049444906
88.16999054109304
76.35763990569373
63.92724419713235
48.312491526801
37.75775060360913
85.54844400281229
34.29994463624362
75.02203774981598
74.30010753347209
175.04809940279878
67.14241096151642
78.00966723388245
115.97146566969877
58.85717037997111
43.50222918573061
75.28725160366828
79.87573099619702
110.8723765231034
138.84299914443372
210.66054262510164
137.98897435662911
212.28312907103992
189.34183449882767
165.93843039754202
184.29928830080513
78.44229366757764
132.82580874885033
63.94601023949465
74.79959802797461
173.48969570551242
101.98852824916897
71.1611661452754
36.56713712485609
142.93889060126813
130.8739072198919
141.227362577109
152.6816054853542
166.72615377818178
124.62207337107264
121.26419293552736
116.28359311490675
132.39591428234576
88.7701017269318
108.13528295534
96.94356057101015
134.4413419490931
62.57783272383486
86.5905151701149
62.61174808730102
61.910323683499854
121.23288462316769
188.58611585957232
97.22794345580408
91.88089108544679
115.91854770452736
169.21154134737077
94.94744352036284
278.4728064801649
214.37057094754292
217.18587046475062
127.88556977084878
215.31935971711636
64.97712384438964
64.96129490071117
100.63033974970828
111.29902353102489
139.64575130263364
172.4092036296712
109.812381731154
166.6607924686925
133.6229977172699
73.64060696340302
65.88518218057129
46.37171974823964
128.22645032571054
46.165721947590306
155.68583138678923
156.36734059942455
113.31386052625855
81.11560498170577
60.65202675606955
128.33708577420308
42.95688942221012
153.13885262165417
152.2175902775197
155.39619498936392
148.1607764353165
149.9204698859503
150.34959784135765
55.426564489880676
85.88835727867853
47.00537361073833
156.97708698058034
156.98894587392093
133.08209421872814
95.38732540186307
145.13537638920198
151.00083987091094
115.22325079942227
95.20617179111909
162.48741366777554
176.50702823766557
157.95390055902232
65.43380160643814
89.33436777615341
136.17322946270954
133.71344844176045
150.05847597053625
81.40708276975194
174.56934880206836
97.92951344448117
196.46191982372656
115.91956127152127
130.29389288201756
139.35770876773083
144.73251869242736
76.97397909371438
93.53696196879719
145.08660286778382
252.82780484059933
128.57187065597856
101.06016000378388
110.55976350738018
88.15657337648219
158.0703074217198
173.8848714278848
165.07519965019847
172.59161745868704
102.44113595489917
101.99374384676594
100.24504059641251
100.62251832975282
101.41609133793737
102.4976825070119
99.54090601503975
101.94428110558017
175.44889632529518
143.16504652155342
107.19125634012629
63.130929390138434
67.00949185850726
192.7853968156722
168.93217707992517
192.62360299822174
189.61696257497988
195.38087476665038
88.86720867822864
152.63154107115284
142.1253400629232
81.62719005016254
86.74010146519605
61.962843918404225
56.06596163969724
119.33149957362768
207.66180970646712
207.49202421051322
112.51669897541744
91.9451279546193
40.31453189685979
54.78303802556883
192.8630304057656
105.93787557071273
108.11276767943286
239.8910868267407
147.59867814863404
96.93087941970244
150.5955907524916
160.7362655804328
143.31560962905053
97.47406357514339
164.49607230238607
162.52658359084464
173.25639000715188
74.46916087012306
83.2652301607077
144.06076858254434
134.9830600597607
160.72462889151646
146.13684984094675
105.91682221511435
96.35851388031023
114.61380099154667
187.5133021037054
104.60231242308257
172.81465540602275
144.32359871763109
142.4884487486059
127.9927352291317
149.96935745944788
130.9429514641429
68.9784310228779
143.6539003046286
118.06477046090265
144.0614775266912
124.3688441223464
122.3697304493856
129.57677277511908
181.56699218333176
117.79871067172597
137.4220626278533
143.89187964119856
171.7770285000352
161.37956965124368
161.87689715156316
161.17906140156154
105.17380445133298
161.3662619901909
107.23831224428228
163.14690090944154
160.8729361513976
154.80266761677743
136.37840482877084
160.60325156704485
160.41203639121625
160.87857439850023
161.1199351394808
160.19295300832883
161.84631049955695
106.06646065405438
132.14303003470238
124.9499474167199
161.73142552368228
160.93137850407385
159.6927581703156
172.12937157602238
160.20897434855868
114.45383333883167
133.84115120807326
160.9801749744857
161.821228735331
161.2607129474733
161.0716171221424
106.36818703435875
160.68218717707276
185.53334298418426
139.50231233557295
129.0202136616645
150.39915602837547
161.315344761511
111.06277790000868
161.73760885785646
130.0859458285365
161.5477187771551
161.70293103550478
162.38418516462008
160.18514354958043
166.35677802064149
158.20792826767564
161.27095188077962
161.1563074953792
160.74742242032013
160.29609461502437
173.18167363805537
144.75746246250853
111.56671839011806
175.42129479312243
161.32646817447093
105.79817144646849
165.3737574566389
160.78747134531113
161.13447680882473
161.15976755960446
161.64897052410342
120.69126545266359
161.79211248981525
160.98186762933634
161.89488185846025
170.21235407946725
161.5249397603834
162.40425454553048
161.15867440145698
161.8051188088567
161.92500773032964
161.81527023392042
162.99142213143648
116.5734125902846
154.46044118472955
151.13193701460122
105.15097361424378
118.4075095340322
125.97173454650014
161.53875326335043
135.1607173715573
183.95187951293462
126.88245465260208
109.03356804131074
161.17186584701338
141.48994283689098
160.43806826109798
160.28829793609404
122.19444575639994
105.03767997825146
160.90665790470177
161.92692897232132
160.86949575625735
111.76397260237273
107.21119452637788
157.86849627224098
136.05268031806716
160.46109516124514
157.9492236476084
184.1888539510589
161.63675453167667
123.27461822577722
161.05465803869782
165.25277615454675
124.3653272673302
161.2230202477184
161.18826648624787
157.97598543289422
161.3753579729903
162.3554617076295
169.56225789004196
141.5805692421229
145.738388570123
124.37690331454654
105.78513223497121
142.1409318282903
108.97502766813918
152.53621775471828
125.09858233582001
138.48631303123994
122.12158860228261
134.24146388594625
248.73932432731416
151.47803758178995
100.0004764716265
164.88990841215346
77.10606530166724
47.38817392680252
47.2856415724713
69.41786707372418
94.77868213068895
85.89191941843892
153.11544871386295
135.42109620929708
185.7093851520243
185.51388194892294
102.19040735161589
129.86754526776676
113.95595113158761
121.91880499550152
63.667240719446085
286.3568629851957
158.35054638823783
49.22404307249122
121.23296203607484
164.52715721816006
101.24632864333628
83.2281056745132
116.55045555635368
138.6910184351568
142.31154671043416
95.15771517211137
135.60375436783636
92.21111667115585
50.340673429175204
108.83552292544921
115.65579227912623
108.04735687206187
124.0118260686358
137.34679076653703
109.81963615377853
93.29652225161448
109.50717859432662
146.79053688252796
146.64196466078837
89.53211589156172
64.08355482050486
77.80651366119191
62.37683201411984
89.5289635898752
98.03229522675021
137.8025179291293
200.85050727894708
99.54038093178598
102.2969562456225
107.42631757002293
101.4397104219496
148.05051249646175
68.29661436016592
187.0091816408734
77.60305882346557
182.35335911013325
124.17739040132106
201.4354309099769
53.45540505203893
87.01740534039881
122.93543563258675
186.04165115877703
231.04228518327244
71.76138620625792
219.10000520553925
77.75000886455803
66.14769733178109
108.7219146283185
106.52795480449677
190.96781578880598
91.51243694387203
169.42705101788533
164.7751692774629
103.12193802254329
155.74538798373007
164.13564463529318
72.85811143763421
140.76275297613054
115.55955927803397
136.45663793020137
136.33087090035053
117.23059989941171
132.13908842747358
82.0617687895473
79.8864947664048
129.8396250216071
132.74013690151781
172.50851041691942
67.06113268115283
234.5566347681724
219.94755809944527
79.00339079590829
146.51936135849283
147.15914175602407
89.55351230480714
95.82196763471585
76.19333714350546
93.74334994500055
123.80735308790949
117.53476814069411
121.73544284623138
107.56121551900658
98.7284296080142
118.420285687192
98.27820776079926
114.8286628726948
132.61609810145848
175.06844155318612
95.49881783362467
103.61771303138556
169.06219070739698
107.01871734537936
78.85094781116571
86.3453796567491
160.57691361763804
159.95416133887733
116.86739387252447
124.09353780437218
235.39970548529368
80.2877748882358
104.06540487871429
91.63260875899475
116.88216339957145
192.85022066084505
213.2263875387368
81.35457923814505
96.26881419832537
68.98920432936985
110.05204607998813
185.40236485979636
122.66638145460391
144.01667316214818
193.51942477371202
123.86259818350452
166.27580232150575
91.84331911120346
88.16274208899767
90.4722619526439
140.49994126414092
139.6054110932966
88.89379907210329
159.32560596790947
105.60245944509353
115.09720095191273
117.21168525054702
243.91418314732178
128.89366562016573
128.95460339937264
95.31621355338505
102.70742836567148
175.63187562511158
177.38022037128388
181.59074370646354
76.76041642803341
188.4711388246523
177.6200638513202
170.8088696617961
249.99033389516168
232.32253767135896
244.12720275296115
174.99820878114096
162.36753949241907
95.21691849773785
93.16243779857713
102.70010579561963
207.8644618910142
76.04173956072508
238.57014618011712
238.7121761765618
238.57732529472065
238.8079106185969
238.57535180607064
186.78254296766883
238.79815348235272
80.82573931792055
238.69189389231988
260.19084992904766
238.72255226659945
260.0491911251066
97.39751243153263
110.82721724249204
238.6719233248957
239.2206709904821
136.84866143321486
238.4205265947327
239.0803761920363
136.87303357933428
120.68261360591262
136.78949432671726
121.76376997500195
136.81840429288124
54.03195220620903
132.57906798465828
239.11353710749844
238.79717079265933
119.02631249566528
238.8079106185969
238.99221195185143
238.88801824408486
212.94840419972937
261.1534548150189
211.5271089619446
238.98194279139162
213.11562534140478
211.65341501698353
261.1868277774066
239.08970956458563
238.75773882855606
259.8496087307003
238.88763374481437
259.9739360700841
239.05295442222265
238.8572540819916
302.3316427077672
261.1756724415679
238.74161453804558
238.72432689716572
106.05562708908319
238.650345838941
94.60449307074803
108.9712215647923
238.71233367351041
139.54593171903005
190.7487656097798
238.65662429020992
238.75116851231957
238.80544151836375
200.978292443685
141.33005973861552
238.93977804536095
239.0803761920363
238.926752121224
157.37280644651753
200.20112930156623
238.71676372618913
238.5861554085636
141.6411832561409
238.85054785976234
124.56787804277845
238.8315471923922
238.6514125382892
259.85122148144154
239.06397599221356
137.3310838838534
238.76103071334458
238.57535180607064
259.9209462460008
238.94095195720442
64.76269217919216
114.46524789363836
114.68075593430304
63.77149197182405
238.60425890393915
301.13367015976894
238.88763374481437
259.9739360700841
139.54593171903005
190.7487656097798
259.8013583915566
239.8191439329839
239.91163824325153
239.72135974770225
212.96002150982915
239.75490677428775
212.8585813785551
239.73955360302605
202.4015290138808
239.81568191144507
122.24195962253441
261.2652477182679
122.28303589773878
301.84378834528684
202.46242686607013
301.6495878043418
301.6587869792775
137.2163707611383
156.369981458738
147.4913551812441
82.24399136156711
74.73202900570085
260.6638475938847
